0 0.88738 0.656002 0.224335 0.677121
0 0.0999551 0.687406 0.199574 0.608129
41 0.66295 0.781795 0.0591246 0.125207
0 0.782073 0.440599 0.14436 0.383439
0 0.75759 0.623345 0.151453 0.384235
0 0.651148 0.311416 0.136903 0.315932
41 0.414713 0.937463 0.0746762 0.123306
60 0.520085 0.675595 0.660465 0.630109
0 0.250566 0.653323 0.262959 0.594605
45 0.569674 0.912513 0.157312 0.174808
0 0.605274 0.15611 0.0925203 0.199473
0 0.658405 0.452821 0.109501 0.272799
41 0.402117 0.808478 0.0570393 0.145629
0 0.331974 0.430665 0.0854724 0.232189
0 0.524633 0.237146 0.0822584 0.16569
